[
    [
        [
            1.1944199999999996,
            1.5974999999999993,
            0.22428000000000003,
            -1.3054200000000002,
            0.8078399999999999,
            -0.14960999999999966,
            -0.11246999999999996,
            3.0348299999999964,
            0.5562899999999991,
            1.2881699999999991,
            -0.35376000000000035,
            -3.031169999999998,
            2.481000000000002,
            0.14855999999999936,
            -1.2493799999999986,
            1.24104,
            0.5013899999999998,
            0.4304099999999999,
            -1.223820000000001,
            -0.3057000000000001
        ],
        [
            -3.188849999999999,
            1.0214699999999997,
            2.3843999999999994,
            0.7905000000000003,
            2.437470000000001,
            0.0908999999999992,
            -0.47258999999999984,
            -1.954709999999999,
            1.6974299999999996,
            -2.3110500000000007,
            1.7795100000000006,
            1.4783400000000013,
            -0.41924999999999996,
            -0.47051999999999833,
            -0.4718100000000004,
            -0.7856699999999999,
            2.2631400000000017,
            0.11562000000000067,
            -1.9222199999999998,
            -0.040020000000000305
        ],
        [
            -1.648349999999997,
            -0.0597599999999997,
            -1.1780699999999993,
            0.9271500000000028,
            1.6598100000000013,
            -0.1178100000000008,
            2.2119300000000006,
            1.949189999999999,
            -0.7039800000000005,
            -0.7342799999999999,
            0.0026999999999993696,
            0.09999000000000016,
            2.1972899999999997,
            -0.09840000000000021,
            -0.2850600000000006,
            1.84494,
            0.24593999999999994,
            0.8083199999999994,
            -0.04494000000000059,
            2.4582900000000008
        ],
        [
            -0.6065400000000003,
            -1.4091000000000011,
            0.3044100000000002,
            -1.8424199999999993,
            1.4196899999999988,
            -1.017900000000001,
            0.98421,
            -0.34817999999999993,
            -0.4299299999999984,
            -0.5748000000000002,
            -0.39174000000000053,
            -1.4153999999999993,
            2.6460899999999996,
            2.11989,
            -0.09468000000000004,
            0.0003000000000006886,
            -0.4383899999999996,
            -0.5916600000000001,
            0.4384500000000001,
            -1.0292400000000015
        ],
        [
            -0.43251,
            -0.1207499999999985,
            0.30707999999999985,
            -0.08195999999999967,
            0.6935100000000003,
            -0.3342300000000002,
            2.4668399999999986,
            -3.5930399999999993,
            2.5778099999999986,
            1.3514699999999997,
            2.962320000000002,
            -1.0926899999999995,
            -1.3320900000000004,
            -1.7839800000000001,
            -1.5158699999999998,
            -2.32128,
            -1.44225,
            0.26853000000000116,
            -2.0532900000000014,
            -0.7040399999999998
        ],
        [
            -1.7995800000000002,
            0.08966999999999992,
            0.9605100000000018,
            0.842639999999999,
            2.542109999999999,
            -1.4798400000000016,
            -0.372,
            -0.4631100000000003,
            2.471969999999999,
            -0.7339499999999999,
            0.3151799999999998,
            0.8753100000000001,
            -1.6080300000000003,
            0.8678700000000003,
            2.9687099999999953,
            -1.045889999999999,
            2.895599999999997,
            -0.3828299999999997,
            2.9055599999999995,
            -0.18323999999999988
        ],
        [
            1.2925499999999996,
            1.4138699999999995,
            0.5315999999999994,
            -0.46157999999999955,
            -1.0989000000000018,
            1.2272700000000003,
            0.937229999999999,
            -2.4026099999999997,
            0.21360000000000012,
            -0.6338699999999997,
            1.7922299999999993,
            1.16913,
            -0.42948000000000003,
            -1.7226300000000005,
            0.7709700000000008,
            0.45545999999999953,
            1.5920099999999997,
            0.4766999999999991,
            1.366560000000001,
            -2.561159999999999
        ],
        [
            -0.36294000000000015,
            0.8466899999999995,
            1.3859400000000002,
            -0.038429999999999104,
            0.013739999999999752,
            -1.6275300000000008,
            -0.8234099999999998,
            -0.3122399999999996,
            5.162699999999997,
            2.813699999999999,
            1.0496100000000006,
            -0.9329099999999997,
            -0.5591100000000004,
            0.8154599999999994,
            -2.1987599999999987,
            1.0401300000000002,
            -1.2456899999999997,
            0.23897999999999925,
            -0.1507800000000002,
            2.747639999999999
        ],
        [
            -0.7481999999999996,
            -1.285620000000001,
            1.4870099999999986,
            -5.2124999999999995,
            -0.17408999999999936,
            1.8310799999999996,
            -1.8301499999999995,
            -2.0624100000000007,
            -1.5829499999999999,
            0.2521799999999994,
            0.7395599999999994,
            -1.539150000000001,
            0.21246000000000037,
            1.2246900000000005,
            -0.04764000000000035,
            2.3917499999999983,
            -1.5492299999999997,
            0.5141699999999998,
            1.6430400000000005,
            0.6796799999999997
        ],
        [
            0.28176000000000084,
            0.8158199999999984,
            -1.7167799999999995,
            0.4352399999999998,
            -0.5890799999999992,
            -0.9452099999999998,
            2.2264199999999983,
            0.5051100000000011,
            -1.4928899999999994,
            -0.19476000000000085,
            2.814929999999998,
            -0.43388999999999933,
            0.8345700000000005,
            4.22985,
            1.0410599999999985,
            -1.0702800000000001,
            -0.9730500000000002,
            0.27299999999999913,
            0.08534999999999948,
            1.5079799999999992
        ],
        [
            -1.3835400000000002,
            0.8898899999999996,
            -0.9335699999999993,
            -1.14441,
            1.2461700000000002,
            -0.7093499999999998,
            -0.6337799999999997,
            1.7712600000000012,
            0.5228999999999999,
            -1.2648899999999994,
            1.28415,
            -1.4060699999999995,
            1.630379999999999,
            1.51797,
            2.3670000000000004,
            -0.2739899999999983,
            -3.61797,
            4.38903,
            0.8560799999999997,
            1.77759
        ],
        [
            -0.7724100000000006,
            1.1128800000000003,
            -2.1977400000000005,
            2.2097699999999985,
            -2.0949599999999986,
            0.5764799999999999,
            -0.7747199999999996,
            -1.9211099999999992,
            1.5014999999999996,
            0.7179600000000002,
            -1.4331599999999998,
            -1.9142699999999992,
            -1.833300000000001,
            -0.9977099999999998,
            -2.295239999999998,
            1.6857899999999988,
            -0.5337600000000002,
            -3.08643,
            2.206949999999999,
            1.2978900000000002
        ],
        [
            1.962300000000001,
            0.1920899999999995,
            -1.1635500000000012,
            0.2577300000000005,
            -0.9802800000000006,
            2.0868000000000007,
            0.1119899999999992,
            -0.7354200000000009,
            0.71475,
            0.6002999999999993,
            -2.1924300000000008,
            0.07934999999999931,
            -0.9033,
            1.7501700000000018,
            -3.0342300000000004,
            -0.36660000000000026,
            -1.12116,
            0.7008299999999996,
            2.14539,
            -0.6277200000000001
        ],
        [
            -0.25098000000000004,
            0.7660799999999993,
            0.8157599999999996,
            -0.18798000000000012,
            -1.5554999999999992,
            0.4170600000000008,
            0.21432000000000023,
            0.3830400000000005,
            0.5031,
            0.8739900000000003,
            3.1768199999999975,
            -0.13512000000000013,
            2.1553799999999996,
            0.5716800000000006,
            -1.705349999999999,
            -1.4188499999999995,
            0.645929999999999,
            0.4735799999999989,
            0.6593399999999994,
            1.17018
        ],
        [
            -1.5416999999999994,
            -1.9552499999999957,
            0.0031800000000006823,
            0.6917100000000003,
            2.0057999999999985,
            -0.7986000000000006,
            -1.40778,
            1.0620899999999993,
            3.973499999999995,
            -0.7121099999999996,
            -1.750649999999999,
            0.006599999999999578,
            -0.5812799999999989,
            -0.2111699999999998,
            0.10011000000000009,
            -0.7337400000000001,
            -1.187910000000001,
            0.49349999999999994,
            -0.9301500000000009,
            0.19857000000000027
        ]
    ],
    [
        [
            4.20891,
            -0.87681,
            -1.2311399999999995,
            1.3781100000000002
        ],
        [
            -1.1058900000000003,
            0.5874299999999997,
            -0.15597000000000033,
            -0.38658000000000076
        ],
        [
            2.0971800000000007,
            2.4537299999999997,
            0.9083099999999997,
            -0.1353299999999995
        ],
        [
            -2.2470299999999988,
            -1.1143199999999998,
            1.47099,
            -2.069160000000001
        ],
        [
            -1.62954,
            0.0802199999999999,
            -1.3326600000000002,
            -1.6735200000000003
        ],
        [
            1.3723200000000007,
            1.498379999999999,
            -0.01890000000000025,
            2.5144499999999987
        ],
        [
            -1.3928399999999992,
            -0.42858,
            2.7085499999999993,
            -0.8281200000000002
        ],
        [
            -0.09234000000000103,
            1.1441400000000006,
            -2.226330000000001,
            0.06237000000000034
        ],
        [
            0.6991800000000006,
            0.3994499999999997,
            -0.7812900000000007,
            3.53715
        ],
        [
            -0.6273000000000006,
            -0.03173999999999963,
            1.9057799999999998,
            1.7578500000000008
        ],
        [
            -0.5371799999999994,
            0.37334999999999946,
            1.3440300000000005,
            -0.4169999999999997
        ],
        [
            -1.1498099999999996,
            -0.476969999999999,
            0.24326999999999988,
            -1.7323199999999996
        ],
        [
            -1.3805999999999976,
            1.881720000000001,
            1.383150000000001,
            -2.0058900000000004
        ],
        [
            -1.2975299999999996,
            -1.8712799999999985,
            -1.1876099999999996,
            0.7722899999999996
        ],
        [
            1.6736399999999985,
            0.9450300000000007,
            1.5603899999999993,
            -0.6380399999999988
        ],
        [
            -1.1817600000000015,
            -1.5060300000000004,
            -0.2394299999999991,
            0.05759999999999979
        ],
        [
            -0.8927100000000001,
            -1.1359799999999995,
            1.435470000000001,
            1.2647100000000013
        ],
        [
            -1.7785200000000012,
            2.5480199999999993,
            -0.23610000000000103,
            1.2383699999999995
        ],
        [
            -0.5101500000000008,
            -2.371769999999998,
            2.6530500000000004,
            -1.0757700000000006
        ],
        [
            -2.561609999999999,
            0.3566099999999999,
            0.8193000000000006,
            0.6713700000000014
        ]
    ]
]