[
    [
        [
            0.2990999999999999,
            -0.4515,
            -0.74988,
            -0.26382,
            -0.1776899999999999,
            -0.14670000000000005,
            0.46421999999999997,
            -0.16592999999999997,
            0.02822999999999999,
            -0.13404,
            0.08513999999999994,
            -0.44708999999999993,
            -0.0905700000000001,
            -0.99729,
            -0.05717999999999995,
            -0.28770000000000007,
            -0.7760099999999999,
            -0.24171,
            0.023489999999999844,
            -0.52407
        ],
        [
            0.21491999999999994,
            -0.09375000000000001,
            -0.32645999999999986,
            0.26232,
            -0.17553000000000002,
            -0.94023,
            -0.7948500000000001,
            0.005310000000000009,
            -0.036240000000000036,
            -0.53436,
            -0.5168699999999999,
            0.17102999999999993,
            0.6628800000000001,
            0.3401099999999999,
            -0.11046000000000006,
            -0.32547000000000004,
            -0.5764799999999999,
            -0.26679000000000014,
            -0.06567,
            -0.10067999999999999
        ],
        [
            0.0015899999999999803,
            0.19053000000000003,
            -1.0218,
            0.3494100000000001,
            0.13383,
            0.08292000000000002,
            -0.13445999999999994,
            -0.06779999999999989,
            1.1069999999999998,
            -0.17774999999999985,
            0.15216000000000002,
            0.56487,
            -0.4530899999999999,
            0.29667,
            -0.12917999999999996,
            0.17589000000000007,
            0.21578999999999993,
            -0.7282200000000002,
            -0.7081199999999999,
            -0.049499999999999905
        ],
        [
            0.09051000000000002,
            -0.1193399999999999,
            -0.48108000000000006,
            0.33963,
            0.22830000000000006,
            0.19175999999999996,
            -0.51099,
            0.3245699999999999,
            -0.45485999999999993,
            0.11007000000000003,
            -0.6630000000000003,
            -0.4559399999999998,
            -0.18,
            -0.3156600000000001,
            0.5123700000000001,
            -0.09851999999999991,
            1.29372,
            0.0799200000000001,
            0.12656999999999996,
            0.16503
        ],
        [
            0.2553899999999999,
            -0.71439,
            -0.16206000000000015,
            0.12269999999999995,
            -0.33618,
            0.04514999999999997,
            0.3700500000000001,
            -0.5006699999999997,
            -0.28817999999999994,
            -0.20663999999999996,
            -0.26847000000000004,
            0.25461,
            0.033449999999999896,
            -0.09747000000000008,
            -0.030629999999999935,
            -0.4809000000000001,
            -0.08372999999999997,
            -0.5288999999999999,
            -0.040769999999999945,
            0.37119
        ],
        [
            0.02034000000000022,
            0.23958000000000007,
            0.13029,
            -0.37509000000000003,
            -0.4282500000000001,
            0.4127700000000001,
            0.95031,
            -0.043919999999999876,
            0.09663000000000004,
            0.32666999999999985,
            0.29598,
            0.10871999999999993,
            0.07395000000000006,
            -0.39990000000000003,
            0.22890000000000013,
            0.5382300000000001,
            0.4159799999999999,
            0.25032000000000004,
            0.6521400000000003,
            -0.08445000000000004
        ],
        [
            0.36809999999999987,
            0.7392599999999999,
            -0.42956999999999995,
            0.18353999999999998,
            -0.26120999999999994,
            0.07140000000000005,
            -0.020760000000000056,
            -0.8982600000000001,
            -0.02718000000000012,
            0.6183900000000001,
            -0.9440700000000001,
            0.47562000000000015,
            0.2217,
            -0.03434999999999991,
            0.5723700000000002,
            -0.20979000000000003,
            -0.18428999999999998,
            -0.20360999999999999,
            0.034800000000000025,
            0.49605
        ],
        [
            -0.4769100000000001,
            0.22557000000000002,
            -0.8454000000000003,
            0.27756000000000014,
            -0.08457,
            -0.3426600000000001,
            0.017310000000000075,
            0.36554999999999993,
            0.18282000000000004,
            -0.4158299999999998,
            0.7140600000000001,
            -0.7619999999999998,
            0.055170000000000025,
            -0.5288999999999999,
            0.50199,
            0.17030999999999996,
            -0.020100000000000076,
            -0.42336000000000007,
            0.2514900000000001,
            -1.02903
        ],
        [
            -0.05313000000000005,
            -0.3631500000000002,
            0.37034999999999996,
            0.13307999999999998,
            0.04491000000000003,
            0.53322,
            -0.45153,
            0.3042300000000002,
            0.6389400000000001,
            0.08007000000000007,
            0.03936000000000005,
            0.7661699999999999,
            -0.04689000000000004,
            -0.58308,
            0.19839000000000004,
            0.05178000000000002,
            0.35898,
            0.31358999999999987,
            -0.14841000000000004,
            0.05232000000000003
        ],
        [
            0.66786,
            0.015060000000000073,
            -0.69306,
            -0.10160999999999998,
            0.06296999999999987,
            0.24810000000000004,
            0.06332999999999991,
            0.6803400000000001,
            -0.16989,
            0.20433000000000004,
            -0.33183,
            0.24849,
            0.047939999999999844,
            0.20574,
            -0.66333,
            0.2906699999999999,
            -0.28115999999999997,
            -0.45206999999999986,
            0.7799999999999999,
            -0.2867700000000001
        ],
        [
            0.33171,
            0.38471999999999995,
            0.5947199999999999,
            -0.004409999999999928,
            -0.05276999999999987,
            -0.60816,
            0.30213000000000007,
            -0.028290000000000176,
            0.5977800000000001,
            -0.36959999999999993,
            0.13751999999999995,
            -0.021779999999999994,
            0.6876600000000002,
            -0.47709,
            -0.15950999999999993,
            -0.18857999999999991,
            0.019650000000000056,
            -0.005370000000000041,
            0.8722799999999999,
            0.7893
        ],
        [
            0.15747000000000005,
            -0.18014999999999998,
            -0.03848999999999997,
            0.07976999999999998,
            1.05204,
            0.17385,
            0.22319999999999995,
            0.09710999999999992,
            -0.40797000000000005,
            0.13997999999999994,
            -0.30269999999999997,
            -0.39093,
            0.36378,
            0.15099000000000007,
            -0.5167800000000001,
            0.6797999999999998,
            -0.30972,
            0.11378999999999997,
            -0.11748,
            0.4515300000000001
        ],
        [
            -0.02768999999999998,
            -0.07424999999999989,
            -0.11678999999999995,
            0.29742,
            0.40557,
            0.3025500000000001,
            -0.87801,
            -0.7243499999999998,
            -0.80484,
            0.07136999999999999,
            -0.2486100000000001,
            0.12155999999999997,
            0.20835,
            0.12023999999999996,
            -0.13557000000000005,
            -0.9302699999999997,
            -0.34712999999999994,
            -0.35019,
            0.23613,
            0.44832
        ],
        [
            -0.75882,
            0.10037999999999986,
            0.0398399999999999,
            0.2546399999999999,
            -0.13392000000000004,
            0.35888999999999993,
            -0.11414999999999995,
            0.014729999999999799,
            0.09822000000000003,
            0.99471,
            0.14027999999999996,
            -0.08169,
            0.22923,
            -0.11534999999999992,
            0.35061,
            0.25971,
            0.5652299999999999,
            0.56781,
            0.3208199999999999,
            0.5281499999999999
        ],
        [
            0.34833000000000003,
            0.046709999999999974,
            0.054089999999999985,
            -0.44862,
            -0.046440000000000134,
            -0.38364,
            0.36528000000000005,
            0.018420000000000047,
            -0.1961400000000001,
            -0.25839000000000006,
            -0.06908999999999998,
            -0.30651,
            0.02469000000000003,
            0.09125999999999992,
            -0.13208999999999996,
            -0.16077,
            -0.3471600000000001,
            -0.22446000000000002,
            -0.41096999999999995,
            0.5377799999999998
        ]
    ],
    [
        [
            0.1698899999999999,
            -0.3041399999999999,
            1.21752,
            0.12087000000000009
        ],
        [
            0.9946799999999999,
            0.060330000000000064,
            -0.34275,
            -0.07733999999999999
        ],
        [
            0.5644799999999999,
            -0.5278200000000001,
            0.26505,
            0.006330000000000072
        ],
        [
            -0.55656,
            -0.39870000000000005,
            0.12851999999999997,
            0.34421999999999997
        ],
        [
            -0.5912699999999999,
            -0.2807400000000001,
            0.55968,
            0.20997
        ],
        [
            -0.002879999999999952,
            0.24222000000000005,
            -0.4642200000000001,
            -0.9206999999999997
        ],
        [
            0.6467699999999998,
            -0.96552,
            0.22566000000000003,
            -0.13101
        ],
        [
            0.68667,
            0.13164000000000006,
            -0.6702,
            -0.3238199999999999
        ],
        [
            -0.2537099999999999,
            -0.35691000000000006,
            -0.18225,
            0.05933999999999995
        ],
        [
            0.09200999999999987,
            0.34904999999999997,
            -0.8137799999999997,
            -0.7647600000000002
        ],
        [
            0.08201999999999995,
            -0.22739999999999994,
            -0.35271,
            -0.09941999999999986
        ],
        [
            -0.9863999999999999,
            0.02006999999999999,
            -0.21524999999999997,
            -0.09629999999999994
        ],
        [
            0.15438000000000004,
            0.28212000000000004,
            -0.15855000000000002,
            0.48963
        ],
        [
            -0.74718,
            -0.2482199999999999,
            -0.24795,
            0.38837999999999995
        ],
        [
            -0.22389,
            -0.73416,
            -0.70776,
            -0.09273000000000005
        ],
        [
            -0.16635,
            -0.7313999999999999,
            0.5146799999999998,
            -0.4740899999999999
        ],
        [
            0.10695000000000003,
            -0.08618999999999996,
            0.34692000000000006,
            -0.04730999999999996
        ],
        [
            0.021240000000000092,
            -0.04433999999999988,
            -0.28104,
            -0.05363999999999999
        ],
        [
            0.24111000000000016,
            0.58923,
            1.1708100000000001,
            0.08835000000000004
        ],
        [
            -0.25293,
            0.3555599999999999,
            0.4073399999999999,
            0.35106000000000004
        ]
    ]
]